1111111111111111111111111111111111111111
1111111111111111111111111111111111111001
1111111111111111111111111111111111111001
1000000001111111111111111111111111111111
1111111111111111111111111111111111111111
1111111111111111111111111111111111111111
1111111111111111111111111111111111111111
1111111111111111111111111111111111111111
1111111111111111111111111111111111111111
1111111111111111111111111111111111111111
1111111111111111111111111111111111111111
1111111111111111222221111111111122222221
1111111111111111222220000000000222222221
1111111111111111222220000000000222222221
1111111111111111222220000000000222222221
1111111111111111222221111111111122202221
1111111111111111111111111111111122222221
1111111111111111111100000000000122222221
1111111111111111111111111111111122222221
1111111111111111111111111111111111111111
